File Name:  test
Total Iteration: 1

================================================================================================================
CLUSTER NUMBER:1
TOTAL MEMBERS:33
Attribute NAMES: [1, 7, 10, 16, 19, 22, 25, 34, 37, 40, 43, 46, 52, 55, 58, 61, 73, 76, 85, 88, 91, 94, 97, 100, 103, 112, 115, 118, 121, 124, 127, 130, 142]
ATTRIBUTE CORDINATES:[(52, 4), (47, 3), (57, 2), (60, 3), (50, 2), (48, 3), (52, 4), (58, 3), (57, 5), (60, 4), (49, 3), (56, 5), (49, 3), (57, 3), (47, 5), (57, 5), (54, 3), (48, 2), (53, 2), (59, 5), (60, 2), (58, 5), (49, 5), (57, 2), (47, 5), (49, 4), (50, 4), (54, 3), (50, 5), (55, 2), (53, 4), (56, 4), (49, 1)]
 CENTROID COORDINATES: [53.24242424242424, 3.484848484848485]
================================================================================================================
CLUSTER NUMBER:2
TOTAL MEMBERS:41
Attribute NAMES: [2, 8, 11, 14, 17, 23, 26, 29, 32, 35, 38, 41, 47, 50, 53, 56, 59, 62, 65, 68, 77, 83, 86, 92, 95, 101, 104, 107, 110, 113, 116, 119, 122, 125, 128, 131, 134, 137, 143, 146, 149]
ATTRIBUTE CORDINATES:[(15, 1), (2, 4), (5, 3), (14, 1), (3, 2), (14, 1), (0, 4), (6, 1), (0, 3), (10, 3), (10, 4), (16, 1), (4, 5), (3, 5), (2, 2), (7, 1), (16, 3), (3, 1), (4, 5), (2, 1), (9, 3), (14, 3), (10, 1), (14, 5), (10, 3), (13, 5), (1, 1), (10, 3), (5, 5), (7, 5), (10, 2), (3, 4), (12, 2), (10, 4), (3, 2), (7, 4), (7, 3), (14, 5), (5, 2), (1, 1), (2, 4)]
 CENTROID COORDINATES: [7.390243902439025, 2.8780487804878048]
================================================================================================================
CLUSTER NUMBER:3
TOTAL MEMBERS:50
Attribute NAMES: [3, 6, 9, 12, 15, 18, 21, 24, 27, 30, 33, 36, 39, 42, 45, 48, 51, 54, 57, 60, 63, 66, 69, 72, 75, 78, 81, 84, 87, 90, 93, 96, 99, 102, 105, 108, 111, 114, 117, 120, 123, 126, 129, 132, 135, 138, 141, 144, 147, 150]
ATTRIBUTE CORDINATES:[(89, 5), (85, 4), (80, 2), (87, 2), (87, 3), (86, 4), (80, 4), (87, 2), (88, 1), (89, 5), (80, 2), (87, 3), (85, 1), (82, 5), (87, 4), (81, 2), (80, 1), (90, 2), (83, 2), (88, 4), (87, 2), (85, 3), (83, 4), (90, 4), (86, 1), (84, 5), (90, 5), (83, 1), (84, 2), (83, 4), (90, 4), (88, 3), (89, 1), (86, 1), (83, 5), (80, 4), (84, 4), (84, 3), (85, 3), (80, 1), (87, 5), (87, 3), (80, 5), (87, 4), (80, 4), (85, 5), (84, 4), (81, 3), (89, 3), (83, 3)]
 CENTROID COORDINATES: [84.96, 3.14]
================================================================================================================
CLUSTER NUMBER:4
TOTAL MEMBERS:17
Attribute NAMES: [4, 13, 28, 31, 49, 64, 67, 70, 79, 82, 106, 109, 133, 136, 139, 145, 148]
ATTRIBUTE CORDINATES:[(42, 4), (43, 4), (43, 3), (42, 2), (40, 3), (41, 4), (41, 5), (46, 3), (46, 5), (42, 3), (43, 1), (44, 1), (42, 5), (43, 5), (45, 5), (44, 2), (45, 5)]
 CENTROID COORDINATES: [43.05882352941177, 3.5294117647058822]
================================================================================================================
CLUSTER NUMBER:5
TOTAL MEMBERS:9
Attribute NAMES: [5, 20, 44, 71, 74, 80, 89, 98, 140]
ATTRIBUTE CORDINATES:[(17, 1), (19, 1), (20, 3), (19, 4), (18, 1), (20, 5), (19, 3), (17, 4), (18, 3)]
 CENTROID COORDINATES: [18.555555555555557, 2.7777777777777777]
================================================================================================================
